0.695297058817309
0.286883251515316
0.531224999411737
0.600506452921199
0.560312412855543
0.351123909752668
0.365557109081468
0.477156158924937
0.538561045750619
0.575011304236708
0.699737093485832
0.327874976172321
0.402688465193628
0.559220886591336
0.689462109183674
0.48327011080761
0.68608891552043
0.69194074890846
0.70565714054348
0.510458617323677
0.59423732632678
0.420466407695074
0.558123642215594
0.459565011723042
0.693107495270395
0.656924653213746
0.575011304236708
0.68608891552043
0.490713765855412
0.639735883001728
0.504975246918104
0.69194074890846
0.634980314655502
0.705916425648249
0.65804407147242
0.662908741834048
0.699319669393047
0.646832281198148
0.634285424710359
0.560312412855543
0.542142047806661
0.6796410817483
0.638396428561439
0.706358266037851
0.673187938097527
0.617982200390917
0.699737093485832
0.702496975082455
0.613996742662369
0.631466547015754
0.617193648703549
0.706222344591277
0.70397585185857
0.613186757847884
0.659696900098826
0.699737093485832
0.700341345345254
0.682406037487946
0.703562363973514
0.664981202741852
0.641060059588803
0.705271578897094
0.6796410817483
0.704840407468244
0.688812020801031
0.698449711861921
0.683167622183604
0.693107495270395
0.69367283354619
0.663431985963897
0.705470056061914
0.648074069840786
0.704952480668023
0.706992220607837
0.699319669393047
0.6796410817483
0.691034007846213
